"Operation#0 "[3, 67, 89, 32, 45, 22, 12, 39, 41, 68, 22, 3, 150, 94, 131, 66, 73, 82, 120, 101]
"Operation#1 "[3, 12, 89, 32, 45, 22, 12, 39, 41, 68, 22, 3, 150, 94, 131, 66, 73, 82, 120, 101]
"Operation#2 "[3, 12, 21, 32, 45, 22, 12, 39, 41, 68, 22, 3, 150, 94, 131, 66, 73, 82, 120, 101]
"Operation#3 "[3, 12, 21, 22, 45, 22, 12, 39, 41, 68, 22, 3, 150, 94, 131, 66, 73, 82, 120, 101]
"Operation#4 "[3, 12, 21, 22, 22, 22, 12, 39, 41, 68, 22, 3, 150, 94, 131, 66, 73, 82, 120, 101]
"Operation#5 "[3, 12, 21, 22, 22, 32, 12, 39, 41, 68, 22, 3, 150, 94, 131, 66, 73, 82, 120, 101]
"Operation#6 "[3, 12, 21, 22, 22, 32, 39, 39, 41, 68, 22, 3, 150, 94, 131, 66, 73, 82, 120, 101]
"Operation#7 "[3, 12, 21, 22, 22, 32, 39, 41, 41, 68, 22, 3, 150, 94, 131, 66, 73, 82, 120, 101]
"Operation#8 "[3, 12, 21, 22, 22, 32, 39, 41, 45, 68, 22, 3, 150, 94, 131, 66, 73, 82, 120, 101]
"Operation#9 "[3, 12, 21, 22, 22, 32, 39, 41, 45, 66, 22, 3, 150, 94, 131, 66, 73, 82, 120, 101]
"Operation#10 "[3, 12, 21, 22, 22, 32, 39, 41, 45, 66, 67, 3, 150, 94, 131, 66, 73, 82, 120, 101]
"Operation#11 "[3, 12, 21, 22, 22, 32, 39, 41, 45, 66, 67, 68, 150, 94, 131, 66, 73, 82, 120, 101]
"Operation#12 "[3, 12, 21, 22, 22, 32, 39, 41, 45, 66, 67, 68, 73, 94, 131, 66, 73, 82, 120, 101]
"Operation#13 "[3, 12, 21, 22, 22, 32, 39, 41, 45, 66, 67, 68, 73, 82, 131, 66, 73, 82, 120, 101]
"Operation#14 "[3, 12, 21, 22, 22, 32, 39, 41, 45, 66, 67, 68, 73, 82, 89, 66, 73, 82, 120, 101]
"Operation#15 "[3, 12, 21, 22, 22, 32, 39, 41, 45, 66, 67, 68, 73, 82, 89, 94, 73, 82, 120, 101]
"Operation#16 "[3, 12, 21, 22, 22, 32, 39, 41, 45, 66, 67, 68, 73, 82, 89, 94, 101, 82, 120, 101]
"Operation#17 "[3, 12, 21, 22, 22, 32, 39, 41, 45, 66, 67, 68, 73, 82, 89, 94, 101, 120, 120, 101]
"Operation#18 "[3, 12, 21, 22, 22, 32, 39, 41, 45, 66, 67, 68, 73, 82, 89, 94, 101, 120, 131, 101]
"Operation#19 "[3, 12, 21, 22, 22, 32, 39, 41, 45, 66, 67, 68, 73, 82, 89, 94, 101, 120, 131, 150]
